[[[28816, 50000], [13601, 50000]]	,
[[28941, 50000], [13468, 50000]]	,
[[29010, 50000], [13372, 50000]]	,
[[28685, 50000], [13475, 50000]]	,
[[28760, 50000], [13446, 50000]]	,
[[28668, 50000], [13161, 50000]]	,
[[28774, 50000], [13341, 50000]]	,
[[29012, 50000], [13389, 50000]]	,
[[28598, 50000], [13402, 50000]]	,
[[28867, 50000], [13471, 50000]]	,
[[28799, 50000], [13379, 50000]]	,
[[28669, 50000], [13196, 50000]]	,
[[28856, 50000], [13449, 50000]]	,
[[28482, 50000], [13390, 50000]]	,
[[28629, 50000], [13482, 50000]]	,
[[28667, 50000], [13335, 50000]]	,
[[28854, 50000], [13407, 50000]]	,
[[28824, 50000], [13265, 50000]]	,
[[28658, 50000], [13459, 50000]]	,
[[28888, 50000], [13485, 50000]]	,
[[28699, 50000], [13339, 50000]]	,
[[28863, 50000], [13454, 50000]]	,
[[28700, 50000], [13544, 50000]]	,
[[28723, 50000], [13424, 50000]]	,
[[28940, 50000], [13444, 50000]]	,
[[28871, 50000], [13592, 50000]]	,
[[28940, 50000], [13518, 50000]]	,
[[28678, 50000], [13406, 50000]]	,
[[28657, 50000], [13390, 50000]]	,
[[28688, 50000], [13466, 50000]]	,
[[28782, 50000], [13599, 50000]]	,
[[28887, 50000], [13381, 50000]]	,
[[28660, 50000], [13525, 50000]]	,
[[28887, 50000], [13450, 50000]]	,
[[28839, 50000], [13423, 50000]]	,
[[28701, 50000], [13318, 50000]]	,
[[28725, 50000], [13560, 50000]]	,
[[28739, 50000], [13268, 50000]]	,
[[28675, 50000], [13450, 50000]]	,
[[28806, 50000], [13431, 50000]]	,
[[28940, 50000], [13574, 50000]]	,
[[28739, 50000], [13388, 50000]]	,
[[28771, 50000], [13431, 50000]]	,
[[28838, 50000], [13444, 50000]]	,
[[28841, 50000], [13514, 50000]]	,
[[28742, 50000], [13372, 50000]]	,
[[28751, 50000], [13273, 50000]]	,
[[28727, 50000], [13365, 50000]]	,
[[28733, 50000], [13465, 50000]]	,
[[28664, 50000], [13467, 50000]]	,
[[28885, 50000], [13365, 50000]]	,
[[28685, 50000], [13440, 50000]]	,
[[28889, 50000], [13333, 50000]]	,
[[28692, 50000], [13273, 50000]]	,
[[28758, 50000], [13438, 50000]]	,
[[28778, 50000], [13368, 50000]]	,
[[28768, 50000], [13376, 50000]]	,
[[28912, 50000], [13444, 50000]]	,
[[28995, 50000], [13467, 50000]]	,
[[28958, 50000], [13417, 50000]]	,
[[28877, 50000], [13382, 50000]]	,
[[28681, 50000], [13367, 50000]]	,
[[28828, 50000], [13408, 50000]]	,
[[28836, 50000], [13482, 50000]]	,
[[28835, 50000], [13289, 50000]]	,
[[28729, 50000], [13474, 50000]]	,
[[28878, 50000], [13500, 50000]]	,
[[28818, 50000], [13428, 50000]]	,
[[28942, 50000], [13463, 50000]]	,
[[28834, 50000], [13466, 50000]]	,
[[28528, 50000], [13383, 50000]]	,
[[28717, 50000], [13216, 50000]]	,
[[28797, 50000], [13466, 50000]]	,
[[28912, 50000], [13322, 50000]]	,
[[28664, 50000], [13442, 50000]]	,
[[28945, 50000], [13481, 50000]]	,
[[28757, 50000], [13319, 50000]]	,
[[28575, 50000], [13492, 50000]]	,
[[28729, 50000], [13454, 50000]]	,
[[28799, 50000], [13325, 50000]]	,
[[28846, 50000], [13355, 50000]]	,
[[28747, 50000], [13596, 50000]]	,
[[28779, 50000], [13548, 50000]]	,
[[28709, 50000], [13405, 50000]]	,
[[29011, 50000], [13378, 50000]]	,
[[28872, 50000], [13322, 50000]]	,
[[28689, 50000], [13453, 50000]]	,
[[28628, 50000], [13362, 50000]]	,
[[28801, 50000], [13313, 50000]]	,
[[28812, 50000], [13407, 50000]]	,
[[28904, 50000], [13482, 50000]]	,
[[28614, 50000], [13399, 50000]]	,
[[28807, 50000], [13247, 50000]]	,
[[28820, 50000], [13445, 50000]]	,
[[28670, 50000], [13293, 50000]]	,
[[28852, 50000], [13444, 50000]]	,
[[28922, 50000], [13476, 50000]]	,
[[28810, 50000], [13355, 50000]]	,
[[28775, 50000], [13471, 50000]]	,
[[28788, 50000], [13467, 50000]]	,
[[28846, 50000], [13399, 50000]]	,
[[28807, 50000], [13396, 50000]]	,
[[28981, 50000], [13482, 50000]]	,
[[28705, 50000], [13340, 50000]]	,
[[28942, 50000], [13494, 50000]]	,
[[28804, 50000], [13498, 50000]]	,
[[28789, 50000], [13323, 50000]]	,
[[28839, 50000], [13456, 50000]]	,
[[28727, 50000], [13546, 50000]]	,
[[28794, 50000], [13412, 50000]]	,
[[28802, 50000], [13523, 50000]]	,
[[28828, 50000], [13471, 50000]]	,
[[28698, 50000], [13328, 50000]]	,
[[28811, 50000], [13321, 50000]]	,
[[28748, 50000], [13497, 50000]]	,
[[28819, 50000], [13432, 50000]]	,
[[28861, 50000], [13353, 50000]]	,
[[28786, 50000], [13565, 50000]]	,
[[28739, 50000], [13529, 50000]]	,
[[28786, 50000], [13328, 50000]]	,
[[28749, 50000], [13432, 50000]]	,
[[28746, 50000], [13483, 50000]]	,
[[28809, 50000], [13469, 50000]]	,
[[28737, 50000], [13388, 50000]]	,
[[28728, 50000], [13477, 50000]]	,
[[28688, 50000], [13432, 50000]]	,
[[28801, 50000], [13370, 50000]]	,
[[28808, 50000], [13349, 50000]]	,
[[28878, 50000], [13541, 50000]]	,
[[28877, 50000], [13347, 50000]]	,
[[28684, 50000], [13328, 50000]]	,
[[28697, 50000], [13438, 50000]]	,
[[28868, 50000], [13490, 50000]]	,
[[28884, 50000], [13284, 50000]]	,
[[28776, 50000], [13560, 50000]]	,
[[28898, 50000], [13436, 50000]]	,
[[28747, 50000], [13418, 50000]]	,
[[28928, 50000], [13504, 50000]]	,
[[28751, 50000], [13448, 50000]]	,
[[28690, 50000], [13362, 50000]]	,
[[28804, 50000], [13291, 50000]]	,
[[28875, 50000], [13503, 50000]]	,
[[28703, 50000], [13389, 50000]]	,
[[28963, 50000], [13372, 50000]]	,
[[28727, 50000], [13534, 50000]]	,
[[28703, 50000], [13332, 50000]]	,
[[28793, 50000], [13473, 50000]]	,
[[28604, 50000], [13448, 50000]]	,
[[28755, 50000], [13347, 50000]]	,
[[28757, 50000], [13456, 50000]]	,
[[28671, 50000], [13512, 50000]]	,
[[28832, 50000], [13462, 50000]]	,
[[28768, 50000], [13425, 50000]]	,
[[28457, 50000], [13492, 50000]]	,
[[28609, 50000], [13264, 50000]]	,
[[28675, 50000], [13261, 50000]]	,
[[28843, 50000], [13351, 50000]]	,
[[28713, 50000], [13390, 50000]]	,
[[28577, 50000], [13414, 50000]]	,
[[28739, 50000], [13314, 50000]]	,
[[28743, 50000], [13539, 50000]]	,
[[28691, 50000], [13385, 50000]]	,
[[28785, 50000], [13350, 50000]]	,
[[28713, 50000], [13416, 50000]]	,
[[28735, 50000], [13440, 50000]]	,
[[28655, 50000], [13450, 50000]]	,
[[28719, 50000], [13482, 50000]]	,
[[28826, 50000], [13578, 50000]]	,
[[28914, 50000], [13468, 50000]]	,
[[28775, 50000], [13413, 50000]]	,
[[28663, 50000], [13422, 50000]]	,
[[28908, 50000], [13481, 50000]]	,
[[28698, 50000], [13425, 50000]]	,
[[28800, 50000], [13455, 50000]]	,
[[28647, 50000], [13625, 50000]]	,
[[28670, 50000], [13384, 50000]]	,
[[28779, 50000], [13471, 50000]]	,
[[28787, 50000], [13388, 50000]]	,
[[28914, 50000], [13269, 50000]]	,
[[28720, 50000], [13459, 50000]]	,
[[28857, 50000], [13528, 50000]]	,
[[28811, 50000], [13372, 50000]]	,
[[28729, 50000], [13326, 50000]]	,
[[28735, 50000], [13333, 50000]]	,
[[28824, 50000], [13388, 50000]]	,
[[28723, 50000], [13369, 50000]]	,
[[28792, 50000], [13378, 50000]]	,
[[28644, 50000], [13497, 50000]]	,
[[28889, 50000], [13356, 50000]]	,
[[28787, 50000], [13489, 50000]]	,
[[28835, 50000], [13623, 50000]]	,
[[28782, 50000], [13453, 50000]]	,
[[28720, 50000], [13411, 50000]]	,
[[28734, 50000], [13405, 50000]]	,
[[28857, 50000], [13439, 50000]]	,
[[28778, 50000], [13507, 50000]]	,
[[28787, 50000], [13415, 50000]]	,
[[28775, 50000], [13395, 50000]]	,
[[28642, 50000], [13286, 50000]]	,
[[28840, 50000], [13319, 50000]]	,
[[28856, 50000], [13504, 50000]]	,
[[28812, 50000], [13585, 50000]]	,
[[28803, 50000], [13496, 50000]]	,
[[28851, 50000], [13442, 50000]]	,
[[28700, 50000], [13379, 50000]]	,
[[28755, 50000], [13515, 50000]]	,
[[28873, 50000], [13568, 50000]]	,
[[28913, 50000], [13224, 50000]]	,
[[28866, 50000], [13586, 50000]]	,
[[28886, 50000], [13492, 50000]]	,
[[28701, 50000], [13356, 50000]]	,
[[28928, 50000], [13455, 50000]]	,
[[28832, 50000], [13427, 50000]]	,
[[29012, 50000], [13283, 50000]]	,
[[28756, 50000], [13477, 50000]]	,
[[28686, 50000], [13290, 50000]]	,
[[28782, 50000], [13386, 50000]]	,
[[28788, 50000], [13491, 50000]]	,
[[28852, 50000], [13393, 50000]]	,
[[28916, 50000], [13482, 50000]]	,
[[28841, 50000], [13561, 50000]]	,
[[28610, 50000], [13470, 50000]]	,
[[28691, 50000], [13475, 50000]]	,
[[28897, 50000], [13431, 50000]]	,
[[28684, 50000], [13382, 50000]]	,
[[28638, 50000], [13392, 50000]]	,
[[28764, 50000], [13602, 50000]]	,
[[28816, 50000], [13386, 50000]]	,
[[28846, 50000], [13448, 50000]]	,
[[28816, 50000], [13460, 50000]]	,
[[28764, 50000], [13435, 50000]]	,
[[28791, 50000], [13514, 50000]]	,
[[28713, 50000], [13517, 50000]]	,
[[28865, 50000], [13343, 50000]]	,
[[28791, 50000], [13357, 50000]]	,
[[28776, 50000], [13304, 50000]]	,
[[28902, 50000], [13432, 50000]]	,
[[28997, 50000], [13488, 50000]]	,
[[28862, 50000], [13403, 50000]]	,
[[28756, 50000], [13415, 50000]]	,
[[28907, 50000], [13474, 50000]]	,
[[28717, 50000], [13358, 50000]]	,
[[28998, 50000], [13525, 50000]]	,
[[28791, 50000], [13264, 50000]]	,
[[28777, 50000], [13516, 50000]]	,
[[28726, 50000], [13548, 50000]]	,
[[28825, 50000], [13317, 50000]]	,
[[28892, 50000], [13421, 50000]]	,
[[28539, 50000], [13396, 50000]]	,
[[28854, 50000], [13392, 50000]]	,
[[28737, 50000], [13447, 50000]]	,
[[28793, 50000], [13451, 50000]]	,
[[28593, 50000], [13484, 50000]]	,
[[28767, 50000], [13497, 50000]]	,
[[28875, 50000], [13452, 50000]]	,
[[28993, 50000], [13559, 50000]]	,
[[28750, 50000], [13413, 50000]]	,
[[28618, 50000], [13501, 50000]]	,
[[28633, 50000], [13231, 50000]]	,
[[28764, 50000], [13368, 50000]]	,
[[28959, 50000], [13429, 50000]]	,
[[28735, 50000], [13442, 50000]]	,
[[28689, 50000], [13491, 50000]]	,
[[28751, 50000], [13503, 50000]]	,
[[28831, 50000], [13345, 50000]]	,
[[28936, 50000], [13450, 50000]]	,
[[28808, 50000], [13362, 50000]]	,
[[28760, 50000], [13446, 50000]]	,
[[28653, 50000], [13376, 50000]]	,
[[28696, 50000], [13526, 50000]]	,
[[28603, 50000], [13347, 50000]]	,
[[28786, 50000], [13356, 50000]]	,
[[28681, 50000], [13374, 50000]]	,
[[28790, 50000], [13347, 50000]]	,
[[28898, 50000], [13202, 50000]]	,
[[28797, 50000], [13456, 50000]]	,
[[28816, 50000], [13328, 50000]]	,
[[28834, 50000], [13560, 50000]]	,
[[28805, 50000], [13560, 50000]]	,
[[28751, 50000], [13494, 50000]]	,
[[28678, 50000], [13518, 50000]]	,
[[28797, 50000], [13394, 50000]]	,
[[28802, 50000], [13454, 50000]]	,
[[28830, 50000], [13346, 50000]]	,
[[28689, 50000], [13227, 50000]]	,
[[28966, 50000], [13453, 50000]]	,
[[28808, 50000], [13352, 50000]]	,
[[28862, 50000], [13515, 50000]]	,
[[28729, 50000], [13392, 50000]]	,
[[28876, 50000], [13311, 50000]]	,
[[28932, 50000], [13513, 50000]]	,
[[28925, 50000], [13455, 50000]]	,
[[28746, 50000], [13510, 50000]]	,
[[28565, 50000], [13502, 50000]]	,
[[28884, 50000], [13455, 50000]]	,
[[28854, 50000], [13456, 50000]]	,
[[28828, 50000], [13504, 50000]]	,
[[28845, 50000], [13372, 50000]]	,
[[28888, 50000], [13474, 50000]]	,
[[28632, 50000], [13484, 50000]]	,
[[28725, 50000], [13380, 50000]]	,
[[28731, 50000], [13532, 50000]]	,
[[28777, 50000], [13452, 50000]]	,
[[28853, 50000], [13310, 50000]]	,
[[28672, 50000], [13474, 50000]]	,
[[28857, 50000], [13528, 50000]]	,
[[28852, 50000], [13460, 50000]]	,
[[28817, 50000], [13356, 50000]]	,
[[28739, 50000], [13408, 50000]]	,
[[28760, 50000], [13464, 50000]]	,
[[28766, 50000], [13542, 50000]]	,
[[28803, 50000], [13467, 50000]]	,
[[28773, 50000], [13459, 50000]]	,
[[28716, 50000], [13564, 50000]]	,
[[28953, 50000], [13472, 50000]]	,
[[28716, 50000], [13516, 50000]]	,
[[28739, 50000], [13198, 50000]]	,
[[28937, 50000], [13414, 50000]]	,
[[28753, 50000], [13413, 50000]]	,
[[28848, 50000], [13347, 50000]]	,
[[28747, 50000], [13482, 50000]]	,
[[28776, 50000], [13394, 50000]]	,
[[28811, 50000], [13446, 50000]]	,
[[28674, 50000], [13291, 50000]]	,
[[28807, 50000], [13206, 50000]]	,
[[28946, 50000], [13482, 50000]]	,
[[28694, 50000], [13710, 50000]]	,
[[28649, 50000], [13485, 50000]]	,
[[28713, 50000], [13624, 50000]]	,
[[28878, 50000], [13413, 50000]]	,
[[28774, 50000], [13364, 50000]]	,
[[28781, 50000], [13529, 50000]]	,
[[28809, 50000], [13449, 50000]]	,
[[28880, 50000], [13403, 50000]]	,
[[29015, 50000], [13529, 50000]]	,
[[28629, 50000], [13422, 50000]]	,
[[28736, 50000], [13338, 50000]]	,
[[28684, 50000], [13363, 50000]]	,
[[28829, 50000], [13416, 50000]]	,
[[28874, 50000], [13374, 50000]]	,
[[28710, 50000], [13528, 50000]]	,
[[28629, 50000], [13346, 50000]]	,
[[28920, 50000], [13458, 50000]]	,
[[28724, 50000], [13496, 50000]]	,
[[28754, 50000], [13454, 50000]]	,
[[28773, 50000], [13521, 50000]]	,
[[28778, 50000], [13403, 50000]]	,
[[28756, 50000], [13445, 50000]]	,
[[28652, 50000], [13383, 50000]]	,
[[28646, 50000], [13391, 50000]]	,
[[28766, 50000], [13247, 50000]]	,
[[28829, 50000], [13437, 50000]]	,
[[28823, 50000], [13395, 50000]]	,
[[28854, 50000], [13467, 50000]]	,
[[28764, 50000], [13362, 50000]]	,
[[28551, 50000], [13388, 50000]]	,
[[28970, 50000], [13363, 50000]]	,
[[28722, 50000], [13466, 50000]]	,
[[28866, 50000], [13442, 50000]]	,
[[28765, 50000], [13382, 50000]]	,
[[28735, 50000], [13554, 50000]]	,
[[28818, 50000], [13349, 50000]]	,
[[28691, 50000], [13462, 50000]]	,
[[28585, 50000], [13336, 50000]]	,
[[28790, 50000], [13445, 50000]]	,
[[28699, 50000], [13450, 50000]]	,
[[28715, 50000], [13456, 50000]]	,
[[28813, 50000], [13497, 50000]]	,
[[28569, 50000], [13333, 50000]]	,
[[28682, 50000], [13374, 50000]]	,
[[28772, 50000], [13412, 50000]]	,
[[28757, 50000], [13380, 50000]]	,
[[28692, 50000], [13411, 50000]]	,
[[28767, 50000], [13383, 50000]]	,
[[28813, 50000], [13317, 50000]]	,
[[28663, 50000], [13481, 50000]]	,
[[28742, 50000], [13636, 50000]]	,
[[28695, 50000], [13574, 50000]]	,
[[28963, 50000], [13368, 50000]]	,
[[28861, 50000], [13357, 50000]]	,
[[28836, 50000], [13424, 50000]]	,
[[28790, 50000], [13386, 50000]]	,
[[28604, 50000], [13363, 50000]]	,
[[28668, 50000], [13425, 50000]]	,
[[28695, 50000], [13423, 50000]]	,
[[28809, 50000], [13293, 50000]]	,
[[28707, 50000], [13533, 50000]]	,
[[28733, 50000], [13447, 50000]]	,
[[28740, 50000], [13474, 50000]]	,
[[28827, 50000], [13363, 50000]]	,
[[28802, 50000], [13432, 50000]]	,
[[28751, 50000], [13582, 50000]]	,
[[28787, 50000], [13349, 50000]]	,
[[28794, 50000], [13278, 50000]]	,
[[28578, 50000], [13303, 50000]]	,
[[28701, 50000], [13487, 50000]]	,
[[28773, 50000], [13448, 50000]]	,
[[28708, 50000], [13497, 50000]]	,
[[28732, 50000], [13283, 50000]]	,
[[28959, 50000], [13417, 50000]]	,
[[28762, 50000], [13468, 50000]]	,
[[28819, 50000], [13255, 50000]]	,
[[28780, 50000], [13509, 50000]]	,
[[28844, 50000], [13365, 50000]]	,
[[28756, 50000], [13337, 50000]]	,
[[28851, 50000], [13340, 50000]]	,
[[28739, 50000], [13382, 50000]]	,
[[28849, 50000], [13573, 50000]]	,
[[28726, 50000], [13491, 50000]]	,
[[28783, 50000], [13348, 50000]]	,
[[28562, 50000], [13469, 50000]]	,
[[28745, 50000], [13379, 50000]]	,
[[28744, 50000], [13389, 50000]]	,
[[28855, 50000], [13226, 50000]]	,
[[28843, 50000], [13371, 50000]]	,
[[28772, 50000], [13417, 50000]]	,
[[28804, 50000], [13460, 50000]]	,
[[28783, 50000], [13403, 50000]]	,
[[28741, 50000], [13326, 50000]]	,
[[28616, 50000], [13486, 50000]]	,
[[28874, 50000], [13362, 50000]]	,
[[28863, 50000], [13413, 50000]]	,
[[28711, 50000], [13311, 50000]]	,
[[28753, 50000], [13498, 50000]]	,
[[28705, 50000], [13239, 50000]]	,
[[28743, 50000], [13488, 50000]]	,
[[28862, 50000], [13603, 50000]]	,
[[28932, 50000], [13397, 50000]]	,
[[28914, 50000], [13434, 50000]]	,
[[28815, 50000], [13442, 50000]]	,
[[28779, 50000], [13454, 50000]]	,
[[28710, 50000], [13257, 50000]]	,
[[28783, 50000], [13458, 50000]]	,
[[28783, 50000], [13730, 50000]]	,
[[28776, 50000], [13464, 50000]]	,
[[28749, 50000], [13388, 50000]]	,
[[28850, 50000], [13423, 50000]]	,
[[28822, 50000], [13462, 50000]]	,
[[28681, 50000], [13380, 50000]]	,
[[28886, 50000], [13500, 50000]]	,
[[28803, 50000], [13540, 50000]]	,
[[28565, 50000], [13561, 50000]]	,
[[28796, 50000], [13423, 50000]]	,
[[28771, 50000], [13339, 50000]]	,
[[28846, 50000], [13289, 50000]]	,
[[28574, 50000], [13407, 50000]]	,
[[28791, 50000], [13378, 50000]]	,
[[28781, 50000], [13457, 50000]]	,
[[28742, 50000], [13539, 50000]]	,
[[28932, 50000], [13513, 50000]]	,
[[28710, 50000], [13511, 50000]]	,
[[28629, 50000], [13506, 50000]]	,
[[28831, 50000], [13429, 50000]]	,
[[28907, 50000], [13347, 50000]]	,
[[28741, 50000], [13377, 50000]]	,
[[28756, 50000], [13485, 50000]]	,
[[28773, 50000], [13450, 50000]]	,
[[29032, 50000], [13478, 50000]]	,
[[28860, 50000], [13537, 50000]]	,
[[28789, 50000], [13356, 50000]]	,
[[28729, 50000], [13440, 50000]]	,
[[28823, 50000], [13539, 50000]]	,
[[28775, 50000], [13292, 50000]]	,
[[28793, 50000], [13313, 50000]]	,
[[28654, 50000], [13468, 50000]]	,
[[28769, 50000], [13401, 50000]]	,
[[28766, 50000], [13573, 50000]]	,
[[28663, 50000], [13567, 50000]]	,
[[28781, 50000], [13395, 50000]]	,
[[28654, 50000], [13534, 50000]]	,
[[28843, 50000], [13387, 50000]]	,
[[28585, 50000], [13399, 50000]]	,
[[28779, 50000], [13390, 50000]]	,
[[28812, 50000], [13417, 50000]]	,
[[28658, 50000], [13447, 50000]]	,
[[28650, 50000], [13420, 50000]]	,
[[28776, 50000], [13464, 50000]]	,
[[28871, 50000], [13416, 50000]]	,
[[28755, 50000], [13458, 50000]]	,
[[28725, 50000], [13504, 50000]]	,
[[28815, 50000], [13591, 50000]]	,
[[28833, 50000], [13321, 50000]]	,
[[28933, 50000], [13453, 50000]]	,
[[28731, 50000], [13424, 50000]]	,
[[28858, 50000], [13272, 50000]]	,
[[28817, 50000], [13292, 50000]]	,
[[28826, 50000], [13328, 50000]]	,
[[28823, 50000], [13462, 50000]]	,
[[28842, 50000], [13447, 50000]]	,
[[28733, 50000], [13402, 50000]]	,
[[28872, 50000], [13303, 50000]]	,
[[28782, 50000], [13398, 50000]]	,
[[28852, 50000], [13457, 50000]]	,
[[28736, 50000], [13448, 50000]]	,
[[28893, 50000], [13366, 50000]]	,
[[28731, 50000], [13534, 50000]]	,
[[28770, 50000], [13605, 50000]]	,
[[28928, 50000], [13473, 50000]]	,
[[28812, 50000], [13442, 50000]]	,
[[28623, 50000], [13336, 50000]]	,
[[28948, 50000], [13381, 50000]]	,
[[28765, 50000], [13455, 50000]]	,
[[28818, 50000], [13314, 50000]]	,
[[28837, 50000], [13621, 50000]]	,
[[28786, 50000], [13257, 50000]]	,
[[28827, 50000], [13339, 50000]]	,
[[28804, 50000], [13435, 50000]]	,
[[28662, 50000], [13456, 50000]]	,
[[29013, 50000], [13474, 50000]]	,
[[28726, 50000], [13293, 50000]]	,
[[28635, 50000], [13353, 50000]]	,
[[28626, 50000], [13404, 50000]]	,
[[28660, 50000], [13356, 50000]]	,
[[28690, 50000], [13682, 50000]]	,
[[28653, 50000], [13396, 50000]]	,
[[28607, 50000], [13529, 50000]]	,
[[28632, 50000], [13514, 50000]]	,
[[28747, 50000], [13501, 50000]]	,
[[28775, 50000], [13255, 50000]]	,
[[28667, 50000], [13313, 50000]]	,
[[28757, 50000], [13319, 50000]]	,
[[28718, 50000], [13358, 50000]]	,
[[28785, 50000], [13316, 50000]]	,
[[28762, 50000], [13404, 50000]]	,
[[28791, 50000], [13252, 50000]]	,
[[28626, 50000], [13538, 50000]]	,
[[28598, 50000], [13367, 50000]]	,
[[28858, 50000], [13388, 50000]]	,
[[28788, 50000], [13427, 50000]]	,
[[28751, 50000], [13406, 50000]]	,
[[28643, 50000], [13265, 50000]]	,
[[28777, 50000], [13424, 50000]]	,
[[28627, 50000], [13375, 50000]]	,
[[28808, 50000], [13508, 50000]]	,
[[28827, 50000], [13209, 50000]]	,
[[28848, 50000], [13187, 50000]]	,
[[28675, 50000], [13463, 50000]]	,
[[28552, 50000], [13524, 50000]]	,
[[28639, 50000], [13509, 50000]]	,
[[28748, 50000], [13530, 50000]]	,
[[28860, 50000], [13435, 50000]]	,
[[28647, 50000], [13521, 50000]]	,
[[28648, 50000], [13420, 50000]]	,
[[28596, 50000], [13432, 50000]]	,
[[28711, 50000], [13427, 50000]]	,
[[28800, 50000], [13456, 50000]]	,
[[28773, 50000], [13421, 50000]]	,
[[28844, 50000], [13384, 50000]]	,
[[28725, 50000], [13496, 50000]]	,
[[28892, 50000], [13490, 50000]]	,
[[28797, 50000], [13434, 50000]]	,
[[28683, 50000], [13400, 50000]]	,
[[28451, 50000], [13766, 50000]]	,
[[28784, 50000], [13443, 50000]]	,
[[28791, 50000], [13446, 50000]]	,
[[28814, 50000], [13197, 50000]]	,
[[28903, 50000], [13418, 50000]]	,
[[28941, 50000], [13412, 50000]]	,
[[28774, 50000], [13373, 50000]]	,
[[28914, 50000], [13620, 50000]]	,
[[28714, 50000], [13428, 50000]]	,
[[28731, 50000], [13426, 50000]]	,
[[28654, 50000], [13519, 50000]]	,
[[28806, 50000], [13480, 50000]]	,
[[28760, 50000], [13371, 50000]]	,
[[28999, 50000], [13499, 50000]]	,
[[28760, 50000], [13287, 50000]]	,
[[28941, 50000], [13451, 50000]]	,
[[28725, 50000], [13423, 50000]]	,
[[28736, 50000], [13416, 50000]]	,
[[28786, 50000], [13481, 50000]]	,
[[28731, 50000], [13323, 50000]]	,
[[28799, 50000], [13350, 50000]]	,
[[28878, 50000], [13611, 50000]]	,
[[28758, 50000], [13465, 50000]]	,
[[28836, 50000], [13497, 50000]]	,
[[28735, 50000], [13391, 50000]]	,
[[28791, 50000], [13322, 50000]]	,
[[28932, 50000], [13578, 50000]]	,
[[29032, 50000], [13349, 50000]]	,
[[28603, 50000], [13422, 50000]]	,
[[28854, 50000], [13465, 50000]]	,
[[28791, 50000], [13378, 50000]]	,
[[28792, 50000], [13347, 50000]]	,
[[28962, 50000], [13539, 50000]]	,
[[28888, 50000], [13519, 50000]]	,
[[28769, 50000], [13441, 50000]]	,
[[28780, 50000], [13333, 50000]]	,
[[28753, 50000], [13427, 50000]]	,
[[28751, 50000], [13397, 50000]]	,
[[28345, 50000], [13414, 50000]]	,
[[28912, 50000], [13434, 50000]]	,
[[28899, 50000], [13580, 50000]]	,
[[28702, 50000], [13473, 50000]]	,
[[28705, 50000], [13446, 50000]]	,
[[28689, 50000], [13363, 50000]]	,
[[28697, 50000], [13407, 50000]]	,
[[28832, 50000], [13392, 50000]]	,
[[28806, 50000], [13368, 50000]]	,
[[28755, 50000], [13370, 50000]]	,
[[28738, 50000], [13545, 50000]]	,
[[28778, 50000], [13367, 50000]]	,
[[28864, 50000], [13376, 50000]]	,
[[28827, 50000], [13384, 50000]]	,
[[28733, 50000], [13369, 50000]]	,
[[28931, 50000], [13518, 50000]]	,
[[28867, 50000], [13483, 50000]]	,
[[28739, 50000], [13510, 50000]]	,
[[28815, 50000], [13553, 50000]]	,
[[28694, 50000], [13392, 50000]]	,
[[28566, 50000], [13421, 50000]]	,
[[28577, 50000], [13460, 50000]]	,
[[28616, 50000], [13318, 50000]]	,
[[28799, 50000], [13325, 50000]]	,
[[28856, 50000], [13355, 50000]]	,
[[28769, 50000], [13442, 50000]]	,
[[28867, 50000], [13559, 50000]]	,
[[28819, 50000], [13320, 50000]]	,
[[28767, 50000], [13408, 50000]]	,
[[28702, 50000], [13406, 50000]]	,
[[28620, 50000], [13435, 50000]]	,
[[28737, 50000], [13421, 50000]]	,
[[28831, 50000], [13341, 50000]]	,
[[28792, 50000], [13451, 50000]]	,
[[28896, 50000], [13504, 50000]]	,
[[28812, 50000], [13346, 50000]]	,
[[28685, 50000], [13295, 50000]]	,
[[28754, 50000], [13525, 50000]]	,
[[28775, 50000], [13409, 50000]]	,
[[28759, 50000], [13406, 50000]]	,
[[28902, 50000], [13384, 50000]]	,
[[28677, 50000], [13578, 50000]]	,
[[28752, 50000], [13577, 50000]]	,
[[28774, 50000], [13406, 50000]]	,
[[28788, 50000], [13440, 50000]]	,
[[28548, 50000], [13496, 50000]]	,
[[28798, 50000], [13435, 50000]]	,
[[28817, 50000], [13480, 50000]]	,
[[28776, 50000], [13474, 50000]]	,
[[28803, 50000], [13435, 50000]]	,
[[28693, 50000], [13452, 50000]]	,
[[28635, 50000], [13268, 50000]]	,
[[28723, 50000], [13399, 50000]]	,
[[28795, 50000], [13359, 50000]]	,
[[28696, 50000], [13450, 50000]]	,
[[28820, 50000], [13309, 50000]]	,
[[28934, 50000], [13404, 50000]]	,
[[28563, 50000], [13393, 50000]]	,
[[28779, 50000], [13373, 50000]]	,
[[28771, 50000], [13403, 50000]]	,
[[28843, 50000], [13483, 50000]]	,
[[28645, 50000], [13587, 50000]]	,
[[28694, 50000], [13366, 50000]]	,
[[28847, 50000], [13325, 50000]]	,
[[28731, 50000], [13356, 50000]]	,
[[28881, 50000], [13524, 50000]]	,
[[28833, 50000], [13369, 50000]]	,
[[28686, 50000], [13404, 50000]]	,
[[28672, 50000], [13380, 50000]]	,
[[28858, 50000], [13340, 50000]]	,
[[28743, 50000], [13256, 50000]]	,
[[28829, 50000], [13474, 50000]]	,
[[28801, 50000], [13344, 50000]]	,
[[28698, 50000], [13477, 50000]]	,
[[28833, 50000], [13454, 50000]]	,
[[28912, 50000], [13405, 50000]]	,
[[28824, 50000], [13434, 50000]]	,
[[28694, 50000], [13417, 50000]]	,
[[28807, 50000], [13437, 50000]]	,
[[28948, 50000], [13269, 50000]]	,
[[28928, 50000], [13326, 50000]]	,
[[28786, 50000], [13312, 50000]]	,
[[28722, 50000], [13552, 50000]]	,
[[28548, 50000], [13501, 50000]]	,
[[28574, 50000], [13379, 50000]]	,
[[28720, 50000], [13396, 50000]]	,
[[28759, 50000], [13429, 50000]]	,
[[28869, 50000], [13393, 50000]]	,
[[28823, 50000], [13449, 50000]]	,
[[28926, 50000], [13236, 50000]]	,
[[28642, 50000], [13412, 50000]]	,
[[28990, 50000], [13410, 50000]]	,
[[28860, 50000], [13240, 50000]]	,
[[28657, 50000], [13386, 50000]]	,
[[28718, 50000], [13300, 50000]]	,
[[28665, 50000], [13346, 50000]]	,
[[28783, 50000], [13387, 50000]]	,
[[28724, 50000], [13506, 50000]]	,
[[28791, 50000], [13374, 50000]]	,
[[28807, 50000], [13497, 50000]]	,
[[28587, 50000], [13520, 50000]]	,
[[28881, 50000], [13379, 50000]]	,
[[28766, 50000], [13459, 50000]]	,
[[28825, 50000], [13366, 50000]]	,
[[28876, 50000], [13312, 50000]]	,
[[28879, 50000], [13364, 50000]]	,
[[28799, 50000], [13335, 50000]]	,
[[28848, 50000], [13538, 50000]]	,
[[28916, 50000], [13525, 50000]]	,
[[28813, 50000], [13362, 50000]]	,
[[28627, 50000], [13230, 50000]]	,
[[28828, 50000], [13250, 50000]]	,
[[28749, 50000], [13310, 50000]]	,
[[28809, 50000], [13488, 50000]]	,
[[28937, 50000], [13497, 50000]]	,
[[28641, 50000], [13453, 50000]]	,
[[28724, 50000], [13368, 50000]]	,
[[28866, 50000], [13470, 50000]]	,
[[28845, 50000], [13565, 50000]]	,
[[28873, 50000], [13593, 50000]]	,
[[28556, 50000], [13475, 50000]]	,
[[28778, 50000], [13602, 50000]]	,
[[28649, 50000], [13495, 50000]]	,
[[28891, 50000], [13474, 50000]]	,
[[28885, 50000], [13473, 50000]]	,
[[28954, 50000], [13227, 50000]]	,
[[28818, 50000], [13432, 50000]]	,
[[28709, 50000], [13376, 50000]]	,
[[28693, 50000], [13340, 50000]]	,
[[28990, 50000], [13346, 50000]]	,
[[28707, 50000], [13339, 50000]]	,
[[28848, 50000], [13413, 50000]]	,
[[28821, 50000], [13437, 50000]]	,
[[28915, 50000], [13421, 50000]]	,
[[28756, 50000], [13342, 50000]]	,
[[28856, 50000], [13417, 50000]]	,
[[28880, 50000], [13564, 50000]]	,
[[28719, 50000], [13416, 50000]]	,
[[28624, 50000], [13394, 50000]]	,
[[28828, 50000], [13314, 50000]]	,
[[28599, 50000], [13494, 50000]]	,
[[28746, 50000], [13454, 50000]]	,
[[28781, 50000], [13489, 50000]]	,
[[28794, 50000], [13466, 50000]]	,
[[28695, 50000], [13448, 50000]]	,
[[28849, 50000], [13570, 50000]]	,
[[28709, 50000], [13448, 50000]]	,
[[28923, 50000], [13394, 50000]]	,
[[28691, 50000], [13483, 50000]]	,
[[28621, 50000], [13504, 50000]]	,
[[28693, 50000], [13327, 50000]]	,
[[28643, 50000], [13341, 50000]]	,
[[28989, 50000], [13391, 50000]]	,
[[28727, 50000], [13361, 50000]]	,
[[28932, 50000], [13442, 50000]]	,
[[28819, 50000], [13424, 50000]]	,
[[28649, 50000], [13348, 50000]]	,
[[28811, 50000], [13437, 50000]]	,
[[28632, 50000], [13398, 50000]]	,
[[28868, 50000], [13568, 50000]]	,
[[28734, 50000], [13298, 50000]]	,
[[28830, 50000], [13379, 50000]]	,
[[28662, 50000], [13465, 50000]]	,
[[28974, 50000], [13386, 50000]]	,
[[29007, 50000], [13485, 50000]]	,
[[28751, 50000], [13278, 50000]]	,
[[28647, 50000], [13599, 50000]]	,
[[28862, 50000], [13506, 50000]]	,
[[28722, 50000], [13412, 50000]]	,
[[28778, 50000], [13404, 50000]]	,
[[28726, 50000], [13318, 50000]]	,
[[28895, 50000], [13421, 50000]]	,
[[28856, 50000], [13396, 50000]]	,
[[28819, 50000], [13523, 50000]]	,
[[28653, 50000], [13416, 50000]]	,
[[28685, 50000], [13554, 50000]]	,
[[28913, 50000], [13421, 50000]]	,
[[28871, 50000], [13524, 50000]]	,
[[28794, 50000], [13436, 50000]]	,
[[28716, 50000], [13430, 50000]]	,
[[28814, 50000], [13526, 50000]]	,
[[28734, 50000], [13401, 50000]]	,
[[28667, 50000], [13349, 50000]]	,
[[28706, 50000], [13549, 50000]]	,
[[28819, 50000], [13521, 50000]]	,
[[28734, 50000], [13261, 50000]]	,
[[28738, 50000], [13406, 50000]]	,
[[28996, 50000], [13492, 50000]]	,
[[28677, 50000], [13384, 50000]]	,
[[28796, 50000], [13511, 50000]]	,
[[28525, 50000], [13473, 50000]]	,
[[28679, 50000], [13422, 50000]]	,
[[28673, 50000], [13491, 50000]]	,
[[28871, 50000], [13506, 50000]]	,
[[28729, 50000], [13370, 50000]]	,
[[28741, 50000], [13456, 50000]]	,
[[28840, 50000], [13436, 50000]]	,
[[28824, 50000], [13356, 50000]]	,
[[28796, 50000], [13659, 50000]]	,
[[28828, 50000], [13493, 50000]]	,
[[28718, 50000], [13585, 50000]]	,
[[28794, 50000], [13378, 50000]]	,
[[28754, 50000], [13505, 50000]]	,
[[28876, 50000], [13240, 50000]]	,
[[28746, 50000], [13306, 50000]]	,
[[28777, 50000], [13357, 50000]]	,
[[28695, 50000], [13495, 50000]]	,
[[28772, 50000], [13394, 50000]]	,
[[28842, 50000], [13503, 50000]]	,
[[28803, 50000], [13531, 50000]]	,
[[28563, 50000], [13574, 50000]]	,
[[28919, 50000], [13424, 50000]]	,
[[28762, 50000], [13383, 50000]]	,
[[28589, 50000], [13342, 50000]]	,
[[28764, 50000], [13277, 50000]]	,
[[28718, 50000], [13441, 50000]]	,
[[28791, 50000], [13437, 50000]]	,
[[28746, 50000], [13425, 50000]]	,
[[28861, 50000], [13376, 50000]]	,
[[28747, 50000], [13473, 50000]]	,
[[28781, 50000], [13496, 50000]]	,
[[28850, 50000], [13372, 50000]]	,
[[28902, 50000], [13490, 50000]]	,
[[28870, 50000], [13405, 50000]]	,
[[28825, 50000], [13416, 50000]]	,
[[28780, 50000], [13403, 50000]]	,
[[28681, 50000], [13466, 50000]]	,
[[28690, 50000], [13497, 50000]]	,
[[28557, 50000], [13312, 50000]]	,
[[28614, 50000], [13377, 50000]]	,
[[28914, 50000], [13458, 50000]]	,
[[28742, 50000], [13360, 50000]]	,
[[28658, 50000], [13402, 50000]]	,
[[28650, 50000], [13491, 50000]]	,
[[28859, 50000], [13409, 50000]]	,
[[28845, 50000], [13518, 50000]]	,
[[28756, 50000], [13211, 50000]]	,
[[28749, 50000], [13377, 50000]]	,
[[28730, 50000], [13255, 50000]]	,
[[28844, 50000], [13453, 50000]]	,
[[28807, 50000], [13518, 50000]]	,
[[28658, 50000], [13525, 50000]]	,
[[28678, 50000], [13497, 50000]]	,
[[28764, 50000], [13354, 50000]]	,
[[28712, 50000], [13410, 50000]]	,
[[28818, 50000], [13305, 50000]]	,
[[28815, 50000], [13477, 50000]]	,
[[28989, 50000], [13261, 50000]]	,
[[28869, 50000], [13514, 50000]]	,
[[28552, 50000], [13488, 50000]]	,
[[28797, 50000], [13280, 50000]]	,
[[28806, 50000], [13509, 50000]]	,
[[28833, 50000], [13323, 50000]]	,
[[28930, 50000], [13314, 50000]]	,
[[28858, 50000], [13434, 50000]]	,
[[28877, 50000], [13391, 50000]]	,
[[28743, 50000], [13401, 50000]]	,
[[28706, 50000], [13474, 50000]]	,
[[28673, 50000], [13418, 50000]]	,
[[28872, 50000], [13457, 50000]]	,
[[28709, 50000], [13561, 50000]]	,
[[28686, 50000], [13337, 50000]]	,
[[28711, 50000], [13564, 50000]]	,
[[28916, 50000], [13329, 50000]]	,
[[28610, 50000], [13297, 50000]]	,
[[28600, 50000], [13459, 50000]]	,
[[28883, 50000], [13469, 50000]]	,
[[28752, 50000], [13372, 50000]]	,
[[28857, 50000], [13459, 50000]]	,
[[28788, 50000], [13438, 50000]]	,
[[28747, 50000], [13197, 50000]]	,
[[28777, 50000], [13402, 50000]]	,
[[28784, 50000], [13388, 50000]]	,
[[28808, 50000], [13443, 50000]]	,
[[28659, 50000], [13315, 50000]]	,
[[28817, 50000], [13441, 50000]]	,
[[28796, 50000], [13327, 50000]]	,
[[28654, 50000], [13414, 50000]]	,
[[28911, 50000], [13525, 50000]]	,
[[28783, 50000], [13521, 50000]]	,
[[28896, 50000], [13446, 50000]]	,
[[28783, 50000], [13495, 50000]]	,
[[28730, 50000], [13527, 50000]]	,
[[28789, 50000], [13566, 50000]]	,
[[28696, 50000], [13444, 50000]]	,
[[28593, 50000], [13464, 50000]]	,
[[28838, 50000], [13489, 50000]]	,
[[28914, 50000], [13452, 50000]]	,
[[28947, 50000], [13432, 50000]]	,
[[28683, 50000], [13423, 50000]]	,
[[28851, 50000], [13452, 50000]]	,
[[28782, 50000], [13386, 50000]]	,
[[28842, 50000], [13341, 50000]]	,
[[28710, 50000], [13384, 50000]]	,
[[28640, 50000], [13352, 50000]]	,
[[28817, 50000], [13348, 50000]]	,
[[28768, 50000], [13448, 50000]]	,
[[28746, 50000], [13508, 50000]]	,
[[28663, 50000], [13526, 50000]]	,
[[28798, 50000], [13462, 50000]]	,
[[28889, 50000], [13376, 50000]]	,
[[28857, 50000], [13389, 50000]]	,
[[28773, 50000], [13526, 50000]]	,
[[28758, 50000], [13553, 50000]]	,
[[28508, 50000], [13370, 50000]]	,
[[28651, 50000], [13461, 50000]]	,
[[28806, 50000], [13387, 50000]]	,
[[28765, 50000], [13430, 50000]]	,
[[28665, 50000], [13328, 50000]]	,
[[28851, 50000], [13565, 50000]]	,
[[28911, 50000], [13548, 50000]]	,
[[28926, 50000], [13285, 50000]]	,
[[28610, 50000], [13373, 50000]]	,
[[28835, 50000], [13249, 50000]]	,
[[28728, 50000], [13292, 50000]]	,
[[28726, 50000], [13340, 50000]]	,
[[28660, 50000], [13377, 50000]]	,
[[28765, 50000], [13426, 50000]]	,
[[28804, 50000], [13589, 50000]]	,
[[28781, 50000], [13375, 50000]]	,
[[28748, 50000], [13353, 50000]]	,
[[28755, 50000], [13448, 50000]]	,
[[28709, 50000], [13424, 50000]]	,
[[28675, 50000], [13322, 50000]]	,
[[28756, 50000], [13388, 50000]]	,
[[28663, 50000], [13479, 50000]]	,
[[28545, 50000], [13442, 50000]]	,
[[28679, 50000], [13570, 50000]]	,
[[28490, 50000], [13273, 50000]]	,
[[28749, 50000], [13396, 50000]]	,
[[28718, 50000], [13509, 50000]]	,
[[28790, 50000], [13412, 50000]]	,
[[28624, 50000], [13526, 50000]]	,
[[28829, 50000], [13421, 50000]]	,
[[28744, 50000], [13512, 50000]]	,
[[28892, 50000], [13247, 50000]]	,
[[28798, 50000], [13500, 50000]]	,
[[28781, 50000], [13563, 50000]]	,
[[28708, 50000], [13346, 50000]]	,
[[28897, 50000], [13264, 50000]]	,
[[28550, 50000], [13334, 50000]]	,
[[28747, 50000], [13352, 50000]]	,
[[28865, 50000], [13534, 50000]]	,
[[28799, 50000], [13429, 50000]]	,
[[28813, 50000], [13446, 50000]]	,
[[28723, 50000], [13469, 50000]]	,
[[28586, 50000], [13413, 50000]]	,
[[28827, 50000], [13429, 50000]]	,
[[28773, 50000], [13439, 50000]]	,
[[28569, 50000], [13411, 50000]]	,
[[28651, 50000], [13288, 50000]]	,
[[28631, 50000], [13288, 50000]]	,
[[28859, 50000], [13382, 50000]]	,
[[28694, 50000], [13457, 50000]]	,
[[28809, 50000], [13350, 50000]]	,
[[28929, 50000], [13569, 50000]]	,
[[28802, 50000], [13447, 50000]]	,
[[28860, 50000], [13449, 50000]]	,
[[28618, 50000], [13322, 50000]]	,
[[28717, 50000], [13308, 50000]]	,
[[28782, 50000], [13309, 50000]]	,
[[28826, 50000], [13504, 50000]]	,
[[28866, 50000], [13370, 50000]]	,
[[28616, 50000], [13321, 50000]]	,
[[28823, 50000], [13365, 50000]]	,
[[28801, 50000], [13476, 50000]]	,
[[28859, 50000], [13348, 50000]]	,
[[28664, 50000], [13546, 50000]]	,
[[28670, 50000], [13206, 50000]]	,
[[28673, 50000], [13544, 50000]]	,
[[28714, 50000], [13360, 50000]]	,
[[28799, 50000], [13263, 50000]]	,
[[28646, 50000], [13467, 50000]]	,
[[28603, 50000], [13513, 50000]]	,
[[28596, 50000], [13433, 50000]]	,
[[28745, 50000], [13380, 50000]]	,
[[28793, 50000], [13406, 50000]]	,
[[28898, 50000], [13427, 50000]]	,
[[28758, 50000], [13525, 50000]]	,
[[28779, 50000], [13470, 50000]]	,
[[28853, 50000], [13519, 50000]]	,
[[28952, 50000], [13448, 50000]]	,
[[28696, 50000], [13449, 50000]]	,
[[28898, 50000], [13355, 50000]]	,
[[28635, 50000], [13483, 50000]]	,
[[28895, 50000], [13262, 50000]]	,
[[28681, 50000], [13351, 50000]]	,
[[28804, 50000], [13426, 50000]]	,
[[28854, 50000], [13492, 50000]]	,
[[28843, 50000], [13445, 50000]]	,
[[28807, 50000], [13596, 50000]]	,
[[28965, 50000], [13439, 50000]]	,
[[28789, 50000], [13506, 50000]]	,
[[28741, 50000], [13428, 50000]]	,
[[28778, 50000], [13385, 50000]]	,
[[28766, 50000], [13292, 50000]]	,
[[28691, 50000], [13442, 50000]]	,
[[28678, 50000], [13301, 50000]]	,
[[28581, 50000], [13331, 50000]]	,
[[28814, 50000], [13308, 50000]]	,
[[29025, 50000], [13491, 50000]]	,
[[28613, 50000], [13485, 50000]]	,
[[28870, 50000], [13514, 50000]]	,
[[28569, 50000], [13271, 50000]]	,
[[28802, 50000], [13427, 50000]]	,
[[28623, 50000], [13560, 50000]]	,
[[28646, 50000], [13492, 50000]]	,
[[28428, 50000], [13347, 50000]]	,
[[28742, 50000], [13540, 50000]]	,
[[28582, 50000], [13471, 50000]]]